=== name ===
Angry
Default
Discontented
Drunk
Enraged
Enraptured
Excited
Fear
Guffawing
Laughing
Sad
Smiling
Surprised

=== sn ===
1
101
102
103
104
105
201
202
203
204
205
206
2601
2602
2603
2604
2605
2801
2802
2803
2901
2902
2903
2904
2905
3001
3002
3003
3004
3005
301
302
303
304
305
3101
3102
3103
3201
3202
3203
3204
3205
3301
3302
3303
3304
3305
3401
3402
3403
3501
3502
3503
3504
3505
3601
3602
3603
3604
3605
3701
3702
3703
3704
3705
3801
3802
3803
3804
3901
3902
3903
3904
3905
4001
4002
4003
4004
4005
401
402
403
4101
4102
4103
4104
4105
4201
4202
4203
4204
4205
4301
4302
4303
4304
601
602
603
604
605
701
702
703
704
705
